"HNSCC_GSE103322.pearson.p.value"	"HNSCC_GSE103322.pearson.cor"	"HNSCC_GSE103322.sp.p.value.x"	"HNSCC_GSE103322.sp.cor.x"	"SKCM_GSE72056.pearson.p.value"	"SKCM_GSE72056.pearson.cor"	"SKCM_GSE72056.sp.p.value"	"SKCM_GSE72056.sp.cor"	"NSCLC_EMTAB6149.pearson.p.value"	"NSCLC_EMTAB6149.pearson.cor"	"HNSCC_GSE103322.sp.p.value.y"	"HNSCC_GSE103322.sp.cor.y"
"ACKR2"	NA	NA	NA	NA	NA	NA	NA	NA	0.523476990927456	0.0167332107031285	NA	NA
"ACKR3"	NA	NA	NA	NA	NA	NA	NA	NA	0.759331309477173	-0.00803555955068078	NA	NA
"ACKR4"	NA	NA	NA	NA	NA	NA	NA	NA	0.331735532544464	-0.0254550020564635	NA	NA
"ACVR1"	0.925044898174885	-0.00355972783463423	0.209443469961761	0.0474623531256041	NA	NA	NA	NA	0.0033623478463094	0.0768050510649041	0.209443469961761	0.0474623531256041
"ACVR1B"	0.517445511026123	-0.0244877691303235	0.352193057240327	-0.0351905221922751	NA	NA	NA	NA	0.622336526846204	-0.0129186536978788	0.352193057240327	-0.0351905221922751
"ACVR2A"	0.972575761073218	-0.00130075833020178	0.582255908121106	-0.0208115989861521	NA	NA	NA	NA	0.379005807641281	0.0230719267842558	0.582255908121106	-0.0208115989861521
"ACVR2B"	0.41864120466782	-0.0305946807903338	0.581630401815455	-0.0208461042361355	NA	NA	NA	NA	0.601026932021791	-0.0137154754669889	0.581630401815455	-0.0208461042361355
"AIFM1"	0.995571695099313	0.000209998609014223	0.303922621106827	0.0388839169017698	NA	NA	NA	NA	0.26121217694381	0.029463417157297	0.303922621106827	0.0388839169017698
"ALPP"	0.659904801255301	0.0166488154262586	0.0592486515352465	0.07128278246179	NA	NA	NA	NA	NA	NA	0.0592486515352465	0.07128278246179
"AMHR2"	NA	NA	NA	NA	NA	NA	NA	NA	0.611919929488193	-0.0133066241292743	NA	NA
"ASRGL1"	0.463394473969053	-0.0277393570217244	0.729603830344702	0.013077898459955	NA	NA	NA	NA	0.721967001738686	0.00933312331194503	0.729603830344702	0.013077898459955
"ATF7IP"	0.173429011626545	-0.0514721571114887	0.524570138949732	0.0240728215852196	NA	NA	NA	NA	0.425755643138917	0.0208889959578396	0.524570138949732	0.0240728215852196
"BMPR1A"	0.972893265788306	-0.00128569295385342	0.161558135343101	0.052929012548294	NA	NA	NA	NA	0.992206173629328	0.000256218234045666	0.161558135343101	0.052929012548294
"BMPR1B"	0.20811268260972	0.0476011615861779	0.00274576137813792	0.112953472717173	NA	NA	NA	NA	0.835297616301552	0.00545342022504641	0.00274576137813792	0.112953472717173
"BMPR2"	0.859142565380035	-0.00671469658530347	0.643936370842707	0.0174870067970956	NA	NA	NA	NA	0.0264570090982988	0.0581657614439067	0.643936370842707	0.0174870067970956
"C7"	0.0576797491715379	-0.0717268022676594	0.0967654400491026	-0.0627754846552311	NA	NA	NA	NA	0.115456992869527	0.0412713305996854	0.0967654400491026	-0.0627754846552311
"CALCA"	NA	NA	NA	NA	NA	NA	NA	NA	0.521509220464138	0.0168125598113239	NA	NA
"CCL11"	0.491202308248729	0.0260424925151479	0.0272835181270918	0.0833773453270257	NA	NA	NA	NA	0.655518041964594	0.0117008987395511	0.0272835181270918	0.0833773453270257
"CCL13"	0.465127818259614	-0.0276319787248923	0.897576876150325	-0.00487046181262044	NA	NA	NA	NA	0.180005395420319	0.0351562265668228	0.897576876150325	-0.00487046181262044
"CCL14"	0.600825289287106	-0.0197949131404173	0.864531555023403	-0.00645525004579359	0.00526905003457445	-0.273006419656986	0.00149568561020296	-0.30897095888978	NA	NA	0.864531555023403	-0.00645525004579359
"CCL16"	0.522888314513783	-0.0241705110446561	0.260116746184841	0.0425894922797113	0.124123973204505	0.152486746698944	0.00681904224895923	0.265035648931305	NA	NA	0.260116746184841	0.0425894922797113
"CCL17"	0.483983223376782	-0.0264778717653713	0.0518865405363541	-0.0734585305091743	NA	NA	NA	NA	0.326204721728322	0.0257476625802536	0.0518865405363541	-0.0734585305091743
"CCL18"	0.421292269939986	-0.0304207690076075	0.164013854042139	-0.052621198357441	0.789223476582997	-0.026660422342816	0.892997254717866	0.0134170692092906	NA	NA	0.164013854042139	-0.052621198357441
"CCL19"	0.23481412465035	0.0449295108362572	0.106017836357096	0.0611008362127292	0.991426835207124	-0.00107182436255138	0.193058188515607	0.129287871022559	0.926609924766213	-0.00241603311257719	0.106017836357096	0.0611008362127292
"CCL2"	0.384787753044836	-0.0328755747995155	0.738726676311619	0.0126196529433443	0.0105260455431394	0.251065509384527	0.0969910623379953	0.164418830280131	0.272275830165211	0.0287899002885598	0.738726676311619	0.0126196529433443
"CCL20"	0.899394451982039	0.0047835665991193	0.402016958751211	0.0317003659002308	0.219878909364317	-0.121921541147788	0.373636578687274	-0.0885714807307231	0.823429241600137	0.00585274282431189	0.402016958751211	0.0317003659002308
"CCL21"	0.497883119212522	0.0256426223128543	0.442495664245171	0.0290521451917534	0.179398527887388	-0.133326919992837	0.31296784657439	-0.100394905616609	0.246850513468784	0.0303677968282305	0.442495664245171	0.0290521451917534
"CCL22"	0.600055238325892	-0.0198367865918104	0.469439724542812	0.0273658203005374	0.686885141543592	0.0401916725298751	0.00130106714044283	0.312687963345659	0.611919929488192	-0.0133066241292743	0.469439724542812	0.0273658203005374
"CCL23"	0.756818160066564	-0.0117162723087768	0.689155083648488	0.015134008383166	NA	NA	NA	NA	NA	NA	0.689155083648488	0.015134008383166
"CCL25"	NA	NA	NA	NA	NA	NA	NA	NA	0.657944225860658	0.0116128703423072	NA	NA
"CCL26"	0.981913256860409	0.000857776547266652	0.149590803171031	0.0544818037512927	NA	NA	NA	NA	0.438989479548118	0.0202970538266398	0.149590803171031	0.0544818037512927
"CCL28"	0.410060198073799	-0.0311620882750428	0.222130931335975	0.0461698579277801	0.369005777058037	-0.0894296900924405	0.779562108180362	-0.0279136447476653	0.705981499771782	0.00989511592012543	0.222130931335975	0.0461698579277801
"CCL3"	0.0219304633630861	0.086543418492466	0.773109206127674	0.0109084742160408	0.383229061219775	-0.0868141136581381	0.345684580393027	-0.0938559735553699	NA	NA	0.773109206127674	0.0109084742160408
"CCL3L1"	0.563751410947253	-0.0218398792991396	0.857527865006486	-0.00679249525350564	NA	NA	NA	NA	NA	NA	0.857527865006486	-0.00679249525350564
"CCL3L3"	0.497854502670968	-0.0256443289985634	0.785846919591019	-0.0102803267651243	0.632831692494887	0.0476281514826429	0.933708505122469	0.00829707713107469	NA	NA	0.785846919591019	-0.0102803267651243
"CCL4"	0.35611448347892	0.0349051261659926	0.212786549778668	0.0471164398127511	0.848872307906302	0.0190064503843496	0.247397080125166	0.114997411654745	NA	NA	0.212786549778668	0.0471164398127511
"CCL4L1"	0.854859220561852	-0.00692113752475038	0.962978458609509	-0.00175625172087232	NA	NA	NA	NA	NA	NA	0.962978458609509	-0.00175625172087232
"CCL4L2"	0.854859220561852	-0.00692113752475038	0.962978458609509	-0.00175625172087232	0.810017425744394	-0.0239768803045813	0.407205038687493	0.0825340830406903	NA	NA	0.962978458609509	-0.00175625172087232
"CCL5"	0.0983507194222973	0.0624797637190137	0.798864752577191	0.00964127263074921	0.251579436297075	0.113992628679132	0.00229629752844446	0.297230639852381	NA	NA	0.798864752577191	0.00964127263074921
"CCL7"	NA	NA	NA	NA	NA	NA	NA	NA	0.57868893098973	-0.0145645722542839	NA	NA
"CCL8"	0.655247152166002	-0.016892438418083	0.501174897671915	-0.0254466471621129	NA	NA	NA	NA	0.553480098131271	-0.0155415277254201	0.501174897671915	-0.0254466471621129
"CCM2"	0.498713295768996	-0.0255931333722766	0.576251803088019	0.0211435271471504	NA	NA	NA	NA	0.58009528111882	0.0145106722534302	0.576251803088019	0.0211435271471504
"CCR1"	0.608809149791518	-0.0193621816447126	0.467651582363131	0.0274760310554203	0.00659532986594915	0.266079863529483	0.111741397063803	0.157650563209165	0.336919853789492	0.0251835234168328	0.467651582363131	0.0274760310554203
"CCR10"	0.0708977030232684	0.0682589082495956	0.821761005712171	-0.00852378735271926	0.511532251788029	-0.0654112752021508	0.718918634196974	-0.035889002642014	0.632593225343212	-0.0125393788408065	0.821761005712171	-0.00852378735271926
"CCR2"	NA	NA	NA	NA	0.681879610171637	-0.040870516099242	0.924593020498766	0.00944113343456383	0.310278961306125	-0.0266088560812469	NA	NA
"CCR3"	NA	NA	NA	NA	0.000202733841333888	0.358250030719116	0.0840387032129816	0.171067632418455	0.473210222329358	-0.0188119600198532	NA	NA
"CCR4"	NA	NA	NA	NA	0.542642232526228	-0.0606742178085254	0.63281155128828	0.0476309691127053	0.611919929488193	-0.0133066241292743	NA	NA
"CCR5"	NA	NA	NA	NA	NA	NA	NA	NA	0.340793915439436	-0.0249824046177264	NA	NA
"CCR6"	0.880504214226945	0.0056879932276273	0.846069452841727	0.00734542263484476	0.415992977476927	0.0810027145764675	0.000523579962648869	0.335866065872325	0.366850263421847	-0.0236660312210098	0.846069452841727	0.00734542263484476
"CCR7"	0.235123659185266	-0.0448998406645692	0.03400378997899	-0.0800865805625103	0.99534033442517	-0.000582547577522491	0.0540347160403749	0.190412623351025	0.462550412574887	-0.0192679199896277	0.03400378997899	-0.0800865805625103
"CCR8"	0.568396302764726	-0.0215802786000677	0.761852438246508	-0.0114660932837401	0.757591955710933	0.0307800877532006	0.767176243129221	0.0295266820159398	0.704391235690354	0.00995126860811462	0.761852438246508	-0.0114660932837401
"CCR9"	NA	NA	NA	NA	NA	NA	NA	NA	NA	NA	NA	NA
"CCRL1"	NA	NA	NA	NA	0.503072342609414	0.0667246342713204	0.580773494704731	0.0550458335385561	NA	NA	NA	NA
"CCRL2"	0.326537668711078	-0.0371095394858683	0.954620765152465	0.00215311725220046	0.664703910036638	-0.0432143609307056	0.866469207853087	-0.0167713365116133	0.717070629575052	0.00950479590018793	0.954620765152465	0.00215311725220046
"CCRN4L"	NA	NA	NA	NA	0.0599010289583051	-0.18604032185274	0.229445498235214	-0.119449020262279	NA	NA	NA	NA
"CD27"	0.466258430817002	-0.0275620584485751	0.953904935514715	0.00218711883597951	NA	NA	NA	NA	0.313674457551312	-0.0264228545490917	0.953904935514715	0.00218711883597951
"CD40"	0.0934322712378101	-0.0634101032456148	0.261071863534596	-0.0425043266486171	NA	NA	NA	NA	0.905054145930495	0.00312864434783869	0.261071863534596	-0.0425043266486171
"CD40LG"	0.70322222960465	-0.0144141817196214	0.30106190415612	0.0391144977483634	NA	NA	NA	NA	0.471490871244936	-0.0188851163598989	0.30106190415612	0.0391144977483634
"CD70"	0.112135476684214	0.0600561545870478	0.350648625639462	0.0353034742386921	NA	NA	NA	NA	0.0107684237883517	0.066814135700414	0.350648625639462	0.0353034742386921
"CD9"	0.82952373761002	0.00814664212758434	0.499772075451737	-0.0255300801719679	NA	NA	NA	NA	0.0801702186459391	0.0458698398862944	0.499772075451737	-0.0255300801719679
"CDKN2A"	0.313815609350527	-0.0380974103403291	0.899295803557891	0.00478828216253416	NA	NA	NA	NA	0.128921329269563	0.039810504449418	0.899295803557891	0.00478828216253416
"CLC"	NA	NA	NA	NA	NA	NA	NA	NA	0.072931406797964	0.0470105657495235	NA	NA
"CLCF1"	0.980120298885959	0.000942825614696068	0.337358271272373	0.0362887897255718	NA	NA	NA	NA	0.178798489794322	0.0352538482486128	0.337358271272373	0.0362887897255718
"CNOT6"	0.953406356536224	0.00221080215143589	0.00471537714773936	0.10661719868454	NA	NA	NA	NA	0.90849263851635	0.00301483030141525	0.00471537714773936	0.10661719868454
"CNTFR"	0.0717536802130118	-0.0680532519409303	0.180664110755154	-0.0506204135667567	NA	NA	NA	NA	NA	NA	0.180664110755154	-0.0506204135667567
"CRLF2"	0.543225388544837	-0.0229996925201657	0.113745675443222	-0.059788675093989	NA	NA	NA	NA	0.115618841527292	0.041252997565012	0.113745675443222	-0.059788675093989
"CSF1"	0.952108789025531	0.00227244280185304	0.00701531283485996	0.101748109893678	0.303538904282473	-0.102360620965229	0.906823339709596	-0.0116750102518313	0.817122931273576	0.0060654712855771	0.00701531283485996	0.101748109893678
"CSF1R"	0.941772657005322	-0.00276368699144398	0.262451585282006	0.0423816787499321	0.768963842368937	0.0292934184722326	0.515846538698859	0.0647458121321314	0.317018986975961	0.0262409343760032	0.262451585282006	0.0423816787499321
"CSF2"	NA	NA	NA	NA	NA	NA	NA	NA	0.393672247911825	-0.0223704781906312	NA	NA
"CSF2RA"	0.826507560498663	-0.0082930823451193	0.550363252984175	-0.0225939752211772	0.670268599066455	0.0424524681879959	0.00397570890586927	0.281457361091072	0.85336114028713	0.00484803877012937	0.550363252984175	-0.0225939752211772
"CSF2RB"	0.332827154410497	-0.036630381827813	0.363243296176279	-0.0343913178812951	0.0017364004533163	-0.304938339311588	0.000394382410727332	-0.342727252474361	0.54380768815359	-0.0159220956844748	0.363243296176279	-0.0343913178812951
"CSF3"	0.437981633997852	-0.0293402905389012	0.33167572265496	-0.0367176623642047	NA	NA	NA	NA	0.975255372068547	0.00081358493552743	0.33167572265496	-0.0367176623642047
"CSF3R"	NA	NA	NA	NA	NA	NA	NA	NA	NA	NA	NA	NA
"CTF1"	0.439933809248445	-0.0292154691700971	0.31043997552612	0.0383639162653179	NA	NA	NA	NA	0.70089295150513	0.0100749550051738	0.31043997552612	0.0383639162653179
"CTNNBL1"	0.154605862168503	0.0538200284157665	0.123702900268367	0.0581974944923462	NA	NA	NA	NA	0.362841002895238	-0.0238646611791531	0.123702900268367	0.0581974944923462
"CUL9"	0.918004397259664	0.00389522167215247	0.0779083331609803	-0.0666307366395259	NA	NA	NA	NA	0.812164542658092	-0.00623301043212823	0.0779083331609803	-0.0666307366395259
"CX3CL1"	0.478869633726802	0.0267883982060053	0.0269545114254143	0.0835557003200896	NA	NA	NA	NA	0.766187363524618	-0.00779967788098534	0.0269545114254143	0.0835557003200896
"CX3CR1"	0.0101027285789467	0.0970978056920646	0.701334776456657	-0.0145104565527149	NA	NA	NA	NA	0.993152487813344	0.000225107801862731	0.701334776456657	-0.0145104565527149
"CXCL1"	0.7953394407994	-0.0098140541368285	0.195337835897362	-0.0489675932995291	0.20923401555457	-0.124763862982667	0.349034234254111	-0.0932090252303904	0.228319894333149	-0.0315909193863994	0.195337835897362	-0.0489675932995291
"CXCL10"	0.560387661474355	-0.0220285197333858	0.705695144511097	0.0142881844665687	NA	NA	NA	NA	0.761344618588161	-0.00796622540182564	0.705695144511097	0.0142881844665687
"CXCL11"	0.798838902288322	-0.00964253886291066	0.616113171117551	0.0189685016073584	0.245705434577365	-0.115407143890039	0.43774634134784	-0.0772907899165944	0.567964164369222	0.0149776619505972	0.616113171117551	0.0189685016073584
"CXCL12"	0.000286817989769229	-0.136588269692053	0.000109909068499257	-0.145558554250369	0.014663216834216	0.239883910296642	0.00554110028139807	0.271468348095538	0.611432321948628	0.0133248560699481	0.000109909068499257	-0.145558554250369
"CXCL13"	0.000125370594972556	0.144358479834995	0.190591159878916	0.0494919421955692	0.946728247365282	-0.00666483533955104	0.283262966130221	0.106727827890209	0.536845647179756	-0.0161981054740389	0.190591159878916	0.0494919421955692
"CXCL14"	0.00274061743525691	-0.112974905863185	0.000418891759168864	-0.13289217322657	0.181241162518389	0.132769262976476	0.0285564586240925	0.215827853845204	0.561606735665187	-0.0152242905982629	0.000418891759168864	-0.13289217322657
"CXCL16"	0.118189062240719	-0.0590656740309026	0.688350033033955	0.0151753668068653	0.640659798873449	0.0465358575535831	0.0627177417345552	0.184064396933033	0.468157818411823	0.0190273538130778	0.688350033033955	0.0151753668068653
"CXCL17"	NA	NA	NA	NA	NA	NA	NA	NA	0.285386705126246	0.0280155465348102	NA	NA
"CXCL2"	0.621929124426236	-0.0186564884950426	0.0988998921984086	-0.0623782061128289	0.0476594910064016	-0.195631517780103	0.00337246256306972	-0.286279250345892	0.852502558668471	0.00487675243680113	0.0988998921984086	-0.0623782061128289
"CXCL3"	0.867475810277288	-0.00631363096742076	0.172053326384136	-0.0516370892717524	0.700145898618717	-0.0384020124924233	0.657952009186794	0.0441421592421484	0.611156512932139	-0.0133351715841619	0.172053326384136	-0.0516370892717524
"CXCL5"	0.0219975933804469	0.0864997496757876	0.373987647333331	0.0336286684075941	0.607784303251026	-0.0511621750303904	0.954405293322757	-0.00570324045502925	0.460100126421801	-0.0193735504298238	0.373987647333331	0.0336286684075941
"CXCL6"	0.00195850535142655	0.116759571713475	0.0379999010965208	0.0783855043434228	NA	NA	NA	NA	0.611174729395258	-0.0133344902079224	0.0379999010965208	0.0783855043434228
"CXCL9"	0.661832280937421	0.0165481984441095	0.421376579913802	0.0304152487499655	0.525053289807543	-0.0633351288086434	0.933454442595355	-0.00832894848423076	0.524931029179993	-0.0166746757194836	0.421376579913802	0.0304152487499655
"CXCR1"	NA	NA	NA	NA	NA	NA	NA	NA	NA	NA	NA	NA
"CXCR2"	0.482435946701786	-0.0265716425512623	0.421452506779561	-0.0304102779358105	0.959384267550096	0.00507987933208984	0.564663614895906	0.0574016270465928	NA	NA	0.421452506779561	-0.0304102779358105
"CXCR2P1"	NA	NA	NA	NA	0.814478525697574	-0.0234034441517731	0.521273346110359	0.0639127709467287	NA	NA	NA	NA
"CXCR3"	NA	NA	NA	NA	0.405898954610728	-0.0827633254937258	0.594730540787379	-0.0530291451420861	NA	NA	NA	NA
"CXCR4"	0.265447308134212	-0.0421169003638082	0.323076228201883	-0.0373757998348777	0.860376678579176	-0.0175441994232039	0.0913149075994518	0.167240163758697	0.850871270410473	-0.00493132395891592	0.323076228201883	-0.0373757998348777
"CXCR5"	0.553138357310084	-0.0224369379580212	0.507499525294636	0.0250720099794954	0.163448571427654	0.138339308502533	0.120411334828073	0.153991565022634	NA	NA	0.507499525294636	0.0250720099794954
"CXCR6"	0.792996228289235	-0.00992901182349973	0.345232356712881	-0.0357021027220941	NA	NA	NA	NA	0.846332700528078	0.00508326586857225	0.345232356712881	-0.0357021027220941
"CXCR7"	NA	NA	NA	NA	0.754662382859822	-0.0311641580243589	0.195267024449545	-0.128654401633139	NA	NA	NA	NA
"DOCK3"	0.994402049062673	0.000265466253574194	0.863528387597645	0.00650352305509802	NA	NA	NA	NA	NA	NA	0.863528387597645	0.00650352305509802
"DTL"	0.609745363640696	-0.0193116044130228	0.394576774037121	0.0322040540686642	NA	NA	NA	NA	0.763579011785176	-0.00788934260699105	0.394576774037121	0.0322040540686642
"DYM"	0.444182476163175	-0.0289449017609397	0.452075893000216	-0.0284461066778048	NA	NA	NA	NA	0.90525223544185	-0.00312208601121596	0.452075893000216	-0.0284461066778048
"EDA"	0.0743713647277346	-0.0674365280195092	0.0403995664500972	-0.077435765053442	NA	NA	NA	NA	0.538527556790019	0.016131263037686	0.0403995664500972	-0.077435765053442
"EDA2R"	0.938500608754882	-0.00291929025708575	0.727837968674194	-0.0131668181372299	NA	NA	NA	NA	0.543425138206428	-0.0159372159273141	0.727837968674194	-0.0131668181372299
"EGF"	0.872497214876733	0.0060723030945938	0.520804621902912	0.0242917667988482	NA	NA	NA	NA	NA	NA	0.520804621902912	0.0242917667988482
"EGFR"	0.0276112342411153	-0.0832015215657117	0.0018971349431761	-0.117112585171374	NA	NA	NA	NA	0.956104281677083	0.0014437553145285	0.0018971349431761	-0.117112585171374
"ENC1"	0.0901738601532688	0.0640482572961881	0.00457216725552548	0.106987269281473	NA	NA	NA	NA	0.0240155136149422	0.0591453678412188	0.00457216725552548	0.106987269281473
"EPOR"	0.208056593304977	0.0476070260917336	0.888673993584862	-0.00529647279500431	NA	NA	NA	NA	0.685874935614339	-0.010608529060221	0.888673993584862	-0.00529647279500431
"FAS"	0.789021653368076	0.0101242138874692	0.20200428824424	0.0482466820324178	NA	NA	NA	NA	0.0449530691166949	0.0525565440986788	0.20200428824424	0.0482466820324178
"FASLG"	0.870222925742436	0.00618157392738561	0.420771878072025	0.0304548563760006	NA	NA	NA	NA	0.753660294853269	-0.00823116106439586	0.420771878072025	0.0304548563760006
"FASN"	0.885126286808175	-0.00546641762280672	0.234059362000006	0.0450019740216181	NA	NA	NA	NA	0.611410744310906	0.0133256630194421	0.234059362000006	0.0450019740216181
"FIGF"	0.000323282868934175	-0.135430432353559	1.66444435008192e-07	-0.196089646711097	NA	NA	NA	NA	NA	NA	1.66444435008192e-07	-0.196089646711097
"FLT1"	0.616988590257047	-0.0189214554199922	0.0994921193322853	0.062269188675095	NA	NA	NA	NA	0.541523270452051	-0.0160124657837977	0.0994921193322853	0.062269188675095
"FLT3"	0.0811157618586032	0.0659253304160307	0.0916983722086578	0.0637474217877247	NA	NA	NA	NA	0.611919929488193	-0.0133066241292743	0.0916983722086578	0.0637474217877247
"FLT3LG"	0.647880415726156	-0.0172791998155721	0.717695665815447	0.0136789575739024	NA	NA	NA	NA	0.773009057357416	0.00756560219461381	0.717695665815447	0.0136789575739024
"FLT4"	0.793369122373662	-0.0099107115971377	0.853466623650382	-0.00698829941787883	NA	NA	NA	NA	0.836645445861854	-0.00540815269585294	0.853466623650382	-0.00698829941787883
"FUNDC2"	0.708308260393054	0.0141552154296938	0.818629399367323	0.00867617102869826	NA	NA	NA	NA	0.00400117639149872	0.075383306216756	0.818629399367323	0.00867617102869826
"GCFC2"	0.400337757875675	-0.0318135525456949	0.13040371380151	-0.0571820827644528	NA	NA	NA	NA	0.179355450762234	0.0352087373263307	0.13040371380151	-0.0571820827644528
"GHR"	0.307186474078064	-0.0386225923681143	0.655379550556834	-0.0168855035743592	NA	NA	NA	NA	0.0330435692977031	0.0558662325604932	0.655379550556834	-0.0168855035743592
"HGF"	0.0725302530736896	-0.0678684012594514	0.00323263079493451	-0.111073860665351	NA	NA	NA	NA	0.0695366155309933	0.0475776840881254	0.00323263079493451	-0.111073860665351
"IFNAR1"	0.30809844430531	0.0385499027357858	0.00405683886325895	0.108411872180593	0.483305088241847	-0.0698391834851935	0.675833281349892	-0.0416930126322978	0.627124170856518	0.0127412838758943	0.00405683886325895	0.108411872180593
"IFNAR2"	0.384713234817617	-0.0328807263110067	0.0204120135881861	0.0875636023676517	0.255050046556195	-0.113167518113939	0.3808714433518	0.0872435417724573	0.715467845237641	0.00956107953782321	0.0204120135881861	0.0875636023676517
"IFNG"	0.608378464522062	-0.0193854602218808	0.394531169897113	0.0322071589462905	NA	NA	NA	NA	0.651297932169251	0.0118543305248077	0.394531169897113	0.0322071589462905
"IFNGR1"	0.0891000138209454	-0.0642626226149681	0.00766981613555256	-0.100627479560685	0.547818617990212	0.0598992625866591	0.860196826047201	0.01756703002417	0.14214060430913	-0.0384873462510411	0.00766981613555256	-0.100627479560685
"IFNGR2"	0.513895965278528	-0.0246955987747396	0.697098569984116	0.0147268790600156	0.314627290181133	-0.100052951206526	0.274058403473634	-0.108779184382292	0.465086373686617	0.0191589239865373	0.697098569984116	0.0147268790600156
"IFNLR1"	0.97667510234468	0.00110626242931033	0.586501041923719	0.020577875628758	NA	NA	NA	NA	NA	NA	0.586501041923719	0.020577875628758
"IL10"	0.642674709913788	-0.0175535931979855	0.142266695921799	0.0554793327981103	0.00944068648791331	0.254636007194278	0.000448351636229613	0.339641236062704	0.315328055230217	-0.0263327515610738	0.142266695921799	0.0554793327981103
"IL10RA"	0.226884687814757	-0.0456992071530838	0.0244624277336039	-0.0849712277854395	NA	NA	NA	NA	0.719166642288126	-0.00943125784861995	0.0244624277336039	-0.0849712277854395
"IL10RB"	0.311034341427387	0.0383168533435594	0.339189093699482	0.036151603067093	0.963678550998977	0.00454239840782988	0.791783835154624	0.0263290081165444	0.500292208199499	0.0176781897625837	0.339189093699482	0.036151603067093
"IL11"	0.0648688182502913	0.0697680691778927	0.105224221979404	0.061239824093455	0.149682422667125	0.142966352305272	0.00555693344090646	0.271380916380553	0.912328080106399	-0.00288794401979201	0.105224221979404	0.061239824093455
"IL11RA"	0.0108813065915024	-0.0961282457024951	0.0852794473337353	-0.06504255856584	0.631898141706929	0.0477587889417605	0.250825552170299	0.114172890502351	0.672634950269386	-0.0110825900960411	0.0852794473337353	-0.06504255856584
"IL12A"	NA	NA	NA	NA	NA	NA	NA	NA	0.915829265685538	0.00277217477738052	NA	NA
"IL12B"	NA	NA	NA	NA	0.000216647629254354	0.356736819469236	0.213065445957037	0.123729233552052	NA	NA	NA	NA
"IL12RB1"	0.0155566432988851	0.091342132971308	0.11249202140628	0.0599966677165698	0.168959822256594	0.136568097502398	0.000855180202357759	0.323599806168843	0.689693741056555	-0.0104724433692199	0.11249202140628	0.0599966677165698
"IL12RB2"	0.504679211886833	-0.0252387649893497	0.901521604718612	-0.00468190296964124	0.0936976190534254	0.166039425042206	0.0191965516159678	0.230431707447341	0.611919929488193	-0.0133066241292743	0.901521604718612	-0.00468190296964124
"IL13"	NA	NA	NA	NA	NA	NA	NA	NA	0.11042513139422	0.0418516548288169	NA	NA
"IL13RA1"	0.732020959615381	0.0129563009583601	0.0713527182815954	0.0681493354399539	0.756333409879969	-0.0309450290658746	0.997843534865939	0.000269598320307907	0.900391870765006	0.00328306003294184	0.0713527182815954	0.0681493354399539
"IL13RA2"	NA	NA	NA	NA	NA	NA	NA	NA	0.769780642816322	0.00767630399558026	NA	NA
"IL15"	0.96812269848487	-0.0015120758060692	0.597796342008597	-0.0199597600361136	0.835471011598781	-0.0207149204928574	0.57994754248397	0.0551658688996481	0.643841923138804	-0.0121264086763683	0.597796342008597	-0.0199597600361136
"IL15RA"	0.0168956909694005	-0.0902071131956704	0.22401727969695	-0.045982246269221	0.557088670785019	-0.0585202848782727	0.846282131124391	0.0193362168479203	0.0204402796851005	0.0607485275706391	0.22401727969695	-0.045982246269221
"IL16"	0.00136976871384456	-0.120671388405468	0.00199660886841379	-0.116545459074158	0.824419709303152	-0.02212829836335	0.0960134068147106	0.164895313247171	0.0667905274624392	0.0480532933663211	0.00199660886841379	-0.116545459074158
"IL17A"	NA	NA	NA	NA	NA	NA	NA	NA	0.511895001423354	0.0172024871317527	NA	NA
"IL17B"	0.967292599102968	0.00155147269329802	0.324252980868648	0.0372850748759138	NA	NA	NA	NA	0.122812781641755	0.0404577216544039	0.324252980868648	0.0372850748759138
"IL17C"	NA	NA	NA	NA	NA	NA	NA	NA	NA	NA	NA	NA
"IL17D"	NA	NA	NA	NA	NA	NA	NA	NA	0.791478919866027	-0.006934790259026	NA	NA
"IL17RA"	0.642156445040202	0.0175809612683355	0.869941257696109	0.00619511055465113	7.00873117202007e-05	0.381497744923913	1.38939741784819e-07	0.491077503201526	0.480480457603927	0.0185042199514421	0.869941257696109	0.00619511055465113
"IL17RB"	0.620396626686532	-0.0187385799644674	0.226936207441069	0.0456941450590576	0.520541343897533	-0.0640248786396474	0.900674101127632	-0.0124493377151847	0.297390518417443	0.0273273865318157	0.226936207441069	0.0456941450590576
"IL17RC"	0.0924772869263521	-0.0635952624205535	0.792070992123861	-0.00997442892514614	0.127524770191857	0.151138388897884	0.780159958119966	0.0278359705751103	0.465507806517554	0.0191408427815329	0.792070992123861	-0.00997442892514614
"IL17RD"	0.83184873281747	-0.00803384306575037	0.0458051744193037	0.0754597015914505	0.0460806896031846	0.197012693706835	4.62334327461578e-05	0.390146217291419	0.370846225561621	-0.0234694007770793	0.0458051744193037	0.0754597015914505
"IL17RE"	0.461347430124834	-0.0278664566301531	0.347675591020183	-0.0355217970226408	NA	NA	NA	NA	0.639340670177712	0.0122912958758882	0.347675591020183	-0.0355217970226408
"IL18"	0.765073381490567	0.0113062908634249	0.168808132185172	0.0520300983396991	0.176954782114459	0.134073006921905	0.00766063281839826	0.261360988859515	0.230267279952156	-0.0314591508562848	0.168808132185172	0.0520300983396991
"IL18BP"	0.391950403751054	-0.0323832204580352	0.831529543315056	0.00804932456667498	0.371151799203119	-0.0890311621972143	0.706831760086455	-0.0375043332093132	0.988404009502067	0.000381219872825658	0.831529543315056	0.00804932456667498
"IL18R1"	0.492913446899013	-0.0259397995891294	0.658995136750248	0.0166963419170391	0.202004550351659	-0.12675354256806	0.354843571402616	-0.0920961567408478	0.949238293049079	0.00166986595563231	0.658995136750248	0.0166963419170391
"IL18RAP"	0.669240317323227	0.0161625664428878	0.768308418834308	-0.0111459915171922	NA	NA	NA	NA	0.611919929488193	-0.0133066241292743	0.768308418834308	-0.0111459915171922
"IL19"	NA	NA	NA	NA	NA	NA	NA	NA	0.611919929488193	-0.0133066241292743	NA	NA
"IL1A"	NA	NA	NA	NA	NA	NA	NA	NA	0.465599916884045	0.0191368920776985	NA	NA
"IL1B"	0.469011910963138	-0.0273921671311263	0.831418274434708	0.00805472170573975	0.985953322368039	0.00175618367744187	0.522460804671225	0.0637310787441305	0.758943304885176	-0.00804892805030968	0.831418274434708	0.00805472170573975
"IL1R1"	0.0218781160981794	0.0865775515700606	0.000199335873727057	0.140053959316066	0.551462721354316	-0.0593558434740068	0.395073520503567	-0.0846803878349807	0.00877995672856026	0.0686538232805002	0.000199335873727057	0.140053959316066
"IL1R2"	0.584654901473731	0.0206794213336307	0.387877984744017	0.032662477503969	0.839728263123686	0.0201715571797128	0.294780347739706	0.104222708307048	0.943622073481567	-0.00185491067750283	0.387877984744017	0.032662477503969
"IL1RAP"	0.404930483391894	0.0315046488243789	0.0235818729723429	0.0855013003386135	0.028976970137426	0.215273837625229	0.0219773346083694	0.22555100782625	0.559982943949132	-0.0152874989523089	0.0235818729723429	0.0855013003386135
"IL1RAPL1"	NA	NA	NA	NA	NA	NA	NA	NA	0.611919929488193	-0.0133066241292743	NA	NA
"IL1RL1"	0.35124370950441	-0.0352599155881726	0.211389380606813	-0.0472605265475015	0.474847604198378	-0.0711924396823022	0.770688640020188	0.0290684995205628	0.545621087569336	-0.0158504930366427	0.211389380606813	-0.0472605265475015
"IL1RL2"	0.35072647618407	0.0352977731164018	0.768870163584222	0.0111181769142998	NA	NA	NA	NA	0.00828529780869583	0.0691690093439842	0.768870163584222	0.0111181769142998
"IL1RN"	0.687656011939523	-0.0152110357630447	0.863788990545555	0.00649098167473079	NA	NA	NA	NA	0.88166686782657	0.00390443873761	0.863788990545555	0.00649098167473079
"IL2"	NA	NA	NA	NA	0.720175503593578	-0.0357215691292377	0.973174808553798	0.00335426730232266	0.473914044648466	-0.0187820553838762	NA	NA
"IL20RA"	NA	NA	NA	NA	NA	NA	NA	NA	0.0638583234607425	0.0485792382221183	NA	NA
"IL20RB"	0.519140910742686	-0.0243887617857832	0.374389574971222	0.0336004040542756	0.472573200999624	-0.0715585739088102	0.959506357814606	-0.00506459634157546	0.962456125527778	-0.00123467225262169	0.374389574971222	0.0336004040542756
"IL21"	NA	NA	NA	NA	NA	NA	NA	NA	NA	NA	NA	NA
"IL21R"	0.0390166187622168	0.0779770743417764	0.0337689484220209	0.0801917547917109	0.20680753011806	0.125426112727691	0.00320749533999599	0.287732531096682	0.214848068122445	-0.0325251878440232	0.0337689484220209	0.0801917547917109
"IL22"	NA	NA	NA	NA	NA	NA	NA	NA	NA	NA	NA	NA
"IL22RA2"	NA	NA	NA	NA	NA	NA	NA	NA	0.681584001122548	-0.0107617807283834	NA	NA
"IL23A"	0.605803745425525	-0.0195247773125338	0.666969722966292	-0.0162805844316477	0.503403542432981	-0.066673002782174	0.367852279541821	-0.0896444875625007	NA	NA	0.666969722966292	-0.0162805844316477
"IL23R"	0.314418476128789	-0.0380500125975242	0.592205134688657	0.0202650542604952	0.281234757689571	0.107175962510529	0.0697786319451126	0.179411041556866	NA	NA	0.592205134688657	0.0202650542604952
"IL24"	0.649878414459399	0.0171741262532671	0.474281286272132	0.027068570309827	0.950272971356434	-0.00622076744735212	0.662933709240174	0.0434572494981165	0.301651829704852	-0.0270875694103586	0.474281286272132	0.027068570309827
"IL26"	NA	NA	NA	NA	0.52541344276196	-0.0632802008305498	0.567241585936256	-0.0570225441394852	NA	NA	NA	NA
"IL27"	NA	NA	NA	NA	NA	NA	NA	NA	0.611919929488193	-0.0133066241292743	NA	NA
"IL27RA"	0.996268275945917	-0.000176965162627079	0.392559929973746	0.0323415751139315	0.703463880897514	-0.0379561435521301	0.708663441686329	0.0372589269001878	0.177171525844733	-0.0353862248052148	0.392559929973746	0.0323415751139315
"IL2RA"	0.582747508435929	-0.0207844926097685	0.390104520622164	0.0325095785737857	0.15257274280672	0.141969237307301	0.0022780133607926	0.297454011851362	0.360923211128647	-0.0239601590744116	0.390104520622164	0.0325095785737857
"IL2RB"	0.768588902527786	-0.0111321027107351	0.304712068146803	0.0388205391395271	0.920769975208554	-0.00992130788694427	0.909311261617017	0.0113619243440036	0.744095231995086	0.00856211932285449	0.304712068146803	0.0388205391395271
"IL2RG"	0.490110042830584	-0.0261081444041608	0.931855053040403	0.00323547621881481	0.189889737025179	-0.130205773050155	0.473581139331823	-0.0713961981437801	0.685734148374644	0.0106135515423074	0.931855053040403	0.00323547621881481
"IL31RA"	0.156323236627183	0.0535971526857429	0.16927832621292	0.0519728074202509	0.861876646239157	0.0173538276735379	0.118037877413378	0.154972425054458	0.611919929488193	-0.0133066241292743	0.16927832621292	0.0519728074202509
"IL32"	0.00531899916822885	0.105161155545999	2.3138006176835e-05	0.159113853645593	0.0841844493617358	-0.170988424607033	0.341690344686352	-0.0946325821762697	0.0879501357495977	-0.0447335408690081	2.3138006176835e-05	0.159113853645593
"IL33"	0.21108995828504	-0.0472914945736234	0.215601376941576	-0.0468282099867543	0.0250754783914809	-0.220701274255648	0.028281890158226	-0.21619333930448	0.768540334321804	0.00771887020866006	0.215601376941576	-0.0468282099867543
"IL34"	0.538596072890338	-0.0232642390794108	0.771821809139426	0.0109721252697735	0.747694175671723	0.0320795428412344	0.975123558042287	-0.00311051150349817	0.594869807298358	-0.0139480484087087	0.771821809139426	0.0109721252697735
"IL37"	NA	NA	NA	NA	NA	NA	NA	NA	0.842373346855872	-0.0052159559567436	NA	NA
"IL3RA"	0.340258955682957	-0.0360716558595367	0.419507508335384	-0.0305377797866971	0.276028462910779	-0.108336287739673	0.137565341458698	-0.147311717142438	0.725219965393389	0.00921929145099852	0.419507508335384	-0.0305377797866971
"IL4"	NA	NA	NA	NA	NA	NA	NA	NA	NA	NA	NA	NA
"IL4I1"	NA	NA	NA	NA	0.241738198741386	-0.116375752725507	0.579205669535141	-0.0552737523720525	NA	NA	NA	NA
"IL4R"	0.835365908766919	-0.00786333935453084	0.0797869645655737	0.0662147763613829	0.907824862147388	0.0115489628718899	0.360054474346707	0.0911075295736122	0.0381929895231818	0.0543280711703241	0.0797869645655737	0.0662147763613829
"IL5"	NA	NA	NA	NA	NA	NA	NA	NA	NA	NA	NA	NA
"IL5RA"	0.504743358052927	0.0252349668241265	0.215855238623428	0.0468023486637687	0.0592025129499401	0.18654204410538	0.145673740344769	0.144373527712521	0.480090460603143	-0.0185206632166342	0.215855238623428	0.0468023486637687
"IL6"	0.231108424053104	-0.0452868846434748	0.298843669295256	-0.0392942971642082	0.0887736547723802	-0.168548458765401	0.125867588759316	-0.151791939940804	0.554233712388591	-0.0155120140784212	0.298843669295256	-0.0392942971642082
"IL6R"	0.426408881472516	0.0300869166406264	0.501323222795006	-0.0254378327333459	0.0928929212971881	0.166442214011658	0.0163030210884218	0.236205305446566	0.730828754441785	-0.00902342682241756	0.501323222795006	-0.0254378327333459
"IL6ST"	0.0620855959905824	-0.0705040280667388	0.1416837171894	-0.0555604073463824	0.963487375074714	0.00456632348414158	0.995438572764963	0.000570265767438852	0.0421936559657962	0.0532504762185712	0.1416837171894	-0.0555604073463824
"IL7"	0.429259004596327	-0.0299019609420306	0.750681089944422	0.0120219488480742	0.749705323186013	-0.0318150764135138	0.602108817101902	-0.0519716800394662	0.76728433351491	0.0077619956729624	0.750681089944422	0.0120219488480742
"IL7R"	0.0487044525939817	0.0744795485782661	0.0108551860166713	0.0961597601721921	0.925572472393353	-0.00931814939669379	0.18032342031393	0.133046488277101	0.254600763004542	-0.0298753397134473	0.0108551860166713	0.0961597601721921
"IL8"	NA	NA	NA	NA	0.752836342333335	-0.0314037842920785	0.91023222720883	-0.0112460560029363	NA	NA	NA	NA
"IL9R"	0.845088664618415	0.00739282185142463	0.409457332861156	0.0312022148146755	0.596622157069352	-0.0527574790261164	0.961515388588123	-0.00481312684899333	NA	NA	0.409457332861156	0.0312022148146755
"ILDR1"	NA	NA	NA	NA	0.913790913254409	-0.0107984703512074	0.713936289545366	0.0365537119066412	NA	NA	NA	NA
"ILDR2"	NA	NA	NA	NA	0.01099202712965	0.249630883802336	0.0773095799136472	0.174850236978375	NA	NA	NA	NA
"ILF2"	NA	NA	NA	NA	0.495634734992749	-0.0678888094051079	0.455251684063022	-0.0743791362225389	NA	NA	NA	NA
"ILF3"	NA	NA	NA	NA	0.36446975059531	-0.090276756343921	0.591897650372078	-0.0534367218380713	NA	NA	NA	NA
"ILK"	NA	NA	NA	NA	0.683954933974208	-0.0405888385116945	0.394460269286755	-0.0847899152994584	NA	NA	NA	NA
"ILKAP"	NA	NA	NA	NA	0.395879565945233	-0.0845365809471847	0.239662240307891	-0.116886997381571	NA	NA	NA	NA
"ILVBL"	NA	NA	NA	NA	0.415755851918536	0.0810437864432611	0.792749788200747	-0.0262040492099953	NA	NA	NA	NA
"KDR"	0.27026020251154	-0.0416957753961103	0.0370944694641732	-0.0787571117312206	NA	NA	NA	NA	0.66908666497324	0.0112102478382873	0.0370944694641732	-0.0787571117312206
"KIT"	0.572071287068008	0.0213756023596333	0.156162450146481	0.0536179401728435	NA	NA	NA	NA	0.337825672704451	-0.0251363662508945	0.156162450146481	0.0536179401728435
"KITLG"	0.107806371301792	-0.0607905972449597	0.00787259607328762	-0.10029763864236	NA	NA	NA	NA	0.417792203500436	-0.0212503692319224	0.00787259607328762	-0.10029763864236
"KLHL35"	0.698433863511654	0.014658608998749	0.798594374405272	0.00965451717614413	NA	NA	NA	NA	0.585897488730024	-0.0142889385359866	0.798594374405272	0.00965451717614413
"LAP3"	0.0323787770339252	0.0808274523285255	6.46158220144219e-06	0.169435662464581	NA	NA	NA	NA	0.678649928145718	0.0108667831659967	6.46158220144219e-06	0.169435662464581
"LEP"	0.371404024084231	0.0338108035606803	0.141632081015526	0.0555676006813328	NA	NA	NA	NA	NA	NA	0.141632081015526	0.0555676006813328
"LEPR"	0.000331057052584506	-0.135199450999615	0.0049249491400703	-0.106093537440032	NA	NA	NA	NA	0.236177434728936	-0.0310640239557872	0.0049249491400703	-0.106093537440032
"LEPROT"	0.634536312237694	-0.0179844295929566	0.568323535318177	-0.0215843376951419	NA	NA	NA	NA	0.101469295201294	0.0429383675452059	0.568323535318177	-0.0215843376951419
"LIF"	0.0640809088819411	0.0699737297811282	0.504292848933443	0.0252616473397222	NA	NA	NA	NA	0.00377424466368207	0.0758630668872893	0.504292848933443	0.0252616473397222
"LIFR"	0.114642508160606	-0.0596409850896498	0.589314433441944	-0.0204234106790263	NA	NA	NA	NA	0.150366316939204	0.0377110788021084	0.589314433441944	-0.0204234106790263
"LTA"	0.380258985947829	-0.0331897671243531	0.102851483814444	-0.061660381994505	NA	NA	NA	NA	0.0273235473897218	0.0578368142834608	0.102851483814444	-0.061660381994505
"LTB"	0.0417157687688366	0.0769349524146757	0.225877052327179	0.0457983779322881	NA	NA	NA	NA	0.0660489514661294	-0.0481844839486427	0.225877052327179	0.0457983779322881
"LTBR"	0.0774514977446168	-0.0667331174833336	0.61440185252478	-0.0190605548407023	NA	NA	NA	NA	0.277034463707179	0.0285059732472568	0.61440185252478	-0.0190605548407023
"MED1"	0.96766522734244	0.0015337873856427	0.117737228217601	0.0591382108053217	NA	NA	NA	NA	0.015355992435831	0.0635131297912931	0.117737228217601	0.0591382108053217
"MET"	0.973978727450342	0.00123419007993947	0.963975636980623	-0.00170891437647417	NA	NA	NA	NA	0.474980639703991	-0.0187367833705429	0.963975636980623	-0.00170891437647417
"MIF"	0.000452950089419024	0.132117569590106	5.65964643909947e-06	0.170473034590225	NA	NA	NA	NA	0.292054025652086	-0.0276309720623227	5.65964643909947e-06	0.170473034590225
"MPI"	0.790315416114775	-0.0100606444462901	0.236732282781966	0.0447460899471652	NA	NA	NA	NA	0.946762502106035	-0.0017514282084878	0.236732282781966	0.0447460899471652
"MPL"	0.613089660756727	0.0191312150462795	0.403463760603299	0.0316030708900905	NA	NA	NA	NA	NA	NA	0.403463760603299	0.0316030708900905
"NAT10"	0.708273332959644	-0.014156991567015	0.585242854527608	0.0206470652697269	NA	NA	NA	NA	0.662090339588511	0.0114627396006774	0.585242854527608	0.0206470652697269
"NCF4"	0.653308697576429	0.0169940370038947	0.64083746271235	0.0176506543914176	NA	NA	NA	NA	0.803992969351051	0.00650967876308129	0.64083746271235	0.0176506543914176
"NGFR"	0.776656614583882	-0.0107332431194775	0.979640738814424	-0.00096557436301163	NA	NA	NA	NA	0.692523224009734	-0.0103717943847403	0.979640738814424	-0.00096557436301163
"OSM"	0.457784192159925	-0.0280884483746147	0.30482313051217	-0.0388116316501102	NA	NA	NA	NA	0.126378150157844	0.0400769983663517	0.30482313051217	-0.0388116316501102
"PDGFRA"	0.0203514530531619	-0.0876056431405738	0.0365204352406305	-0.0789967178319456	NA	NA	NA	NA	0.00484588311574775	0.0737908947124465	0.0365204352406305	-0.0789967178319456
"PDGFRB"	0.290063782440853	-0.0400148242926642	0.416641830512813	0.0307262693314177	NA	NA	NA	NA	0.547033787442215	-0.0157947938366836	0.416641830512813	0.0307262693314177
"PDLIM3"	0.000345719477131215	0.134777269153631	3.96731975425315e-10	0.233405457082116	NA	NA	NA	NA	1.33094791016712e-06	0.126314068936469	3.96731975425315e-10	0.233405457082116
"PEBP1"	0.00121827520099577	-0.121929392245038	0.00560522157644977	-0.104522187505442	NA	NA	NA	NA	0.346881075904839	0.0246693264308287	0.00560522157644977	-0.104522187505442
"PF4"	NA	NA	NA	NA	NA	NA	NA	NA	0.00114782018706462	0.0851318610104151	NA	NA
"PKD1"	0.0764287821066637	-0.06696410925356	0.446549480043337	-0.0287948036717043	NA	NA	NA	NA	0.348167025433631	0.0246036353521253	0.446549480043337	-0.0287948036717043
"PPBP"	NA	NA	NA	NA	NA	NA	NA	NA	0.611919929488193	-0.0133066241292743	NA	NA
"PRL"	NA	NA	NA	NA	NA	NA	NA	NA	0.589133697040133	0.0141657083319631	NA	NA
"PRLR"	0.370015126774562	-0.0339090394457358	0.911054446262424	-0.00422670051314961	NA	NA	NA	NA	0.703355961013196	0.00998784894468419	0.911054446262424	-0.00422670051314961
"RBM39"	0.755978625234253	0.0117580425693598	0.472515446176817	-0.0271767907702648	NA	NA	NA	NA	0.972319400344283	-0.000910154157035438	0.472515446176817	-0.0271767907702648
"RELT"	0.639519446603845	-0.0177203562199355	0.473543627249526	0.0271137511998344	NA	NA	NA	NA	0.246083778804589	-0.0304170997817888	0.473543627249526	0.0271137511998344
"RNMT"	0.880912822353732	0.0056683973993296	0.170846145507398	0.0517826323010785	NA	NA	NA	NA	0.0220370342715403	0.0600046639279863	0.170846145507398	0.0517826323010785
"SARNP"	0.0175176596743666	0.0897065201631525	0.0377631478680833	0.078481940589242	NA	NA	NA	NA	0.352261002343425	-0.0243955192259698	0.0377631478680833	0.078481940589242
"SCYL1"	0.571960857092231	0.0213817435756572	0.147003628980659	0.0548298233467171	NA	NA	NA	NA	0.0463185149882419	0.0522263586925297	0.147003628980659	0.0548298233467171
"SCYL2"	0.0514366576915507	0.0735996484126882	0.00431565749123728	0.107677127312881	NA	NA	NA	NA	0.884555581426827	0.00380844424471161	0.00431565749123728	0.107677127312881
"SCYL3"	0.240895234259916	-0.0443515890166591	0.415477778004524	0.0308030524996062	NA	NA	NA	NA	0.0836937825653359	-0.0453446351420891	0.415477778004524	0.0308030524996062
"SLPI"	0.0377995344479829	-0.0784670859976667	0.0234971945979657	-0.0855531733451482	NA	NA	NA	NA	0.35095504187687	0.0244617401264676	0.0234971945979657	-0.0855531733451482
"SOS1"	0.0175361168571736	-0.0896919039461864	0.537936974311306	0.0233019960870686	NA	NA	NA	NA	0.0236429991371345	0.0593023437103435	0.537936974311306	0.0233019960870686
"TGFB1"	0.705064564748393	-0.0143202980035981	0.384893696612237	0.0328682518740282	NA	NA	NA	NA	0.198486989535571	0.033718436268877	0.384893696612237	0.0328682518740282
"TGFB2"	0.110313424084013	0.0603624969111765	0.00435937890111335	0.107556965352326	NA	NA	NA	NA	0.796995713128444	0.00674716300016468	0.00435937890111335	0.107556965352326
"TGFB3"	0.59415011309841	-0.0201587050240736	0.328404320049044	0.0369667125729571	NA	NA	NA	NA	0.00363411436967722	0.0761725696671893	0.328404320049044	0.0369667125729571
"TGFBR1"	6.39963989737377e-08	0.202471778738184	0.000256143821513529	0.137674267938163	NA	NA	NA	NA	0.0127748241693156	0.0652418589439056	0.000256143821513529	0.137674267938163
"TGFBR2"	0.526241095458096	-0.0239759218035557	0.57431173292671	0.0212511280273539	NA	NA	NA	NA	0.100931896655113	0.0430059630852079	0.57431173292671	0.0212511280273539
"TIMP1"	0.856342817855284	-0.00684961081010236	0.138575905744674	0.0559969807297651	NA	NA	NA	NA	0.470410716021143	0.0189311508401508	0.138575905744674	0.0559969807297651
"TNF"	0.4957241395111	-0.025771530264618	0.960865353733669	-0.0018565726940692	0.245592420912177	0.115434586166791	0.237160841970725	0.117507117538264	0.141048918650736	-0.0385929363118141	0.960865353733669	-0.0018565726940692
"TNFAIP1"	NA	NA	NA	NA	0.462852711504754	-0.0731342918919787	0.0661662248363322	-0.181741383258197	NA	NA	NA	NA
"TNFAIP2"	NA	NA	NA	NA	0.00275690666219628	0.292074332916018	0.0100057793126379	0.252734563929092	NA	NA	NA	NA
"TNFAIP3"	NA	NA	NA	NA	0.148570165971881	-0.143353918221742	0.398395136053931	-0.0840888934206588	NA	NA	NA	NA
"TNFAIP6"	NA	NA	NA	NA	0.132236305710884	0.149315137644225	0.305804511813269	0.101884699586787	NA	NA	NA	NA
"TNFAIP8"	NA	NA	NA	NA	0.493740894732912	-0.0681867048869038	0.496640330993702	0.0677308755049075	NA	NA	NA	NA
"TNFAIP8L1"	NA	NA	NA	NA	0.758558018674218	0.0306535346784589	0.178430945686695	0.133621431004538	NA	NA	NA	NA
"TNFAIP8L2"	NA	NA	NA	NA	0.911754458285077	0.0110545740629815	0.244141508897783	0.115787678227728	NA	NA	NA	NA
"TNFAIP8L3"	NA	NA	NA	NA	0.992726039233731	0.00090939194010054	0.217123124809422	0.122647833984725	NA	NA	NA	NA
"TNFRSF10A"	NA	NA	NA	NA	0.541064085995988	-0.0609112015391415	0.334094231447594	0.0961254726518083	NA	NA	NA	NA
"TNFRSF10B"	NA	NA	NA	NA	0.814989430163472	0.0233378207378654	0.804756222738536	-0.0246541694937149	NA	NA	NA	NA
"TNFRSF10C"	NA	NA	NA	NA	0.163437741007243	-0.138342832483266	0.245313282637745	-0.115502404666333	NA	NA	NA	NA
"TNFRSF10D"	NA	NA	NA	NA	0.575470773585466	-0.0558178575882592	0.333050246534313	0.0963323264255984	NA	NA	NA	NA
"TNFRSF11A"	0.542550945115467	-0.0230381641264129	0.384588286841121	-0.0328893654426474	0.0863170728248262	-0.169841733934976	0.0679517493315273	-0.18057700883757	0.246216976425644	0.030408527131149	0.384588286841121	-0.0328893654426474
"TNFRSF11B"	0.650055457289813	0.0171648220610506	0.234818396939139	0.0449291011316012	0.378910612678439	0.0876019233735074	0.0762418075698305	0.175474499768456	0.987399943221293	-0.000414231329941856	0.234818396939139	0.0449291011316012
"TNFRSF12A"	7.59426526087727e-06	0.168162756408388	1.81568101505162e-08	0.210580711603255	0.0337090977282941	0.209467305467285	0.195698099580762	0.128531378743205	0.001264937233697	0.0844086742178599	1.81568101505162e-08	0.210580711603255
"TNFRSF13B"	0.0106589901128875	0.0963986444443257	0.110392059447142	0.0603491939229951	0.3428339897244	0.0944096395456269	0.137593383437034	0.147301332323969	0.779365019627803	-0.00734804810903477	0.110392059447142	0.0603491939229951
"TNFRSF13C"	NA	NA	NA	NA	0.824211634552453	0.0221549507072833	0.307681356646274	0.101492184421561	0.223596074171831	-0.0319139123809236	NA	NA
"TNFRSF14"	NA	NA	NA	NA	0.145857876126989	-0.144308255136379	0.281018360264268	-0.107223903080134	NA	NA	NA	NA
"TNFRSF17"	0.516684062535756	-0.0245322904220424	0.139202383234238	-0.0559083749262307	0.712968616847129	-0.0366829969432331	1	0	0.32227125449853	-0.0259577653395012	0.139202383234238	-0.0559083749262307
"TNFRSF18"	0.851612964585753	-0.00707773146487633	0.457332548875572	0.0281166549218328	0.49588700567599	0.0678491732148747	0.265663954701714	0.110690820976648	0.894006325455076	-0.00349473653781134	0.457332548875572	0.0281166549218328
"TNFRSF19"	0.052455278777167	0.0732815849288048	9.58991441030962e-06	0.16630723641255	0.300207783797152	0.103064610558674	0.483917435967092	0.0697416987669795	0.13621900602631	0.0390677774506743	9.58991441030962e-06	0.16630723641255
"TNFRSF1A"	0.948654109133998	-0.00243658637554133	0.0979507625200748	0.0625540118590812	0.753485044293086	0.0313186365253094	0.590630636713558	-0.0536192962273727	0.458596429785723	0.0194385296403232	0.0979507625200748	0.0625540118590812
"TNFRSF1B"	0.585438893114259	-0.020636280281349	0.0273501878702455	0.0833414294268221	0.0483295400052602	-0.195056774517035	0.37174064957649	-0.0889220560393447	0.113860673509325	0.041453240574389	0.0273501878702455	0.0833414294268221
"TNFRSF21"	0.349868065390581	-0.0353606802684901	0.426037850643518	-0.0301110471025815	0.602995691488929	-0.0518449617825867	0.142208337790301	-0.145613722778232	0.351952706631353	-0.0244111378488037	0.426037850643518	-0.0301110471025815
"TNFRSF25"	0.54373631346471	0.0229705641352593	0.0938188081280973	0.0633355893433945	0.942502025953851	-0.00719444915277946	0.381790709798471	0.0870759115544655	0.305670497317338	0.026863463474169	0.0938188081280973	0.0633355893433945
"TNFRSF4"	0.337746148705889	-0.0362596856454764	0.513328381291228	-0.0247289003501238	0.144139773747503	-0.144919722775959	0.226913411657343	-0.120096280749236	0.809663881125431	0.00631760140135966	0.513328381291228	-0.0247289003501238
"TNFRSF6B"	0.021554859109467	0.0867899166556257	0.189529858076367	0.0496104889167476	0.838491275061801	0.0203293754705768	0.845925497683571	-0.0193816376085701	NA	NA	0.189529858076367	0.0496104889167476
"TNFRSF8"	0.778739851572852	-0.0106304448140973	0.738122573584472	-0.0126499395694119	0.882018103186315	-0.0148032724301837	0.711368293107498	0.0368969403255492	0.556788793066085	-0.0154120955399901	0.738122573584472	-0.0126499395694119
"TNFRSF9"	0.000139327104069006	0.143389308261831	0.310796007911367	0.0383357178860741	0.642797155961639	-0.0462385819963666	0.121804199565003	0.153422871655828	0.622505146940634	-0.0129123967692877	0.310796007911367	0.0383357178860741
"TNFSF10"	0.521781192307518	0.0242349065651894	0.467763636417988	0.0274691178594791	0.355856418398312	-0.0919032946454938	0.590254179997382	-0.0536735771489174	0.14957865647473	0.0377839862684748	0.467763636417988	0.0274691178594791
"TNFSF11"	0.124214267427802	-0.0581185172720605	0.170070974876683	-0.0518764959433309	0.785446537789584	-0.0271498426667118	0.907371524778292	0.0116060157341145	0.0658940233449104	-0.048212044912927	0.170070974876683	-0.0518764959433309
"TNFSF12"	NA	NA	NA	NA	0.248538248514347	0.114722100507623	0.197782846318403	0.127939165250523	NA	NA	NA	NA
"TNFSF13"	0.0468329664690167	-0.0751064300523087	0.178805024696582	-0.0508368173483082	0.39579674192621	-0.084551349574978	0.527672154099213	-0.0629361495525689	0.611919929488193	-0.0133066241292743	0.178805024696582	-0.0508368173483082
"TNFSF13B"	0.511982600795371	-0.0248079372358009	0.801721458523161	0.00950140781134106	0.796595514098268	0.025706952942516	0.342928639804851	0.0943912094204737	0.00664924358040963	0.0710950498082598	0.801721458523161	0.00950140781134106
"TNFSF14"	0.938818435589815	0.00290417378536906	0.140156188689524	0.0557740599290222	0.312489087966536	0.100493779778148	0.00406764906640044	0.280780851874647	0.141840876464313	-0.0385162743805192	0.140156188689524	0.0557740599290222
"TNFSF15"	0.578667071650496	-0.0210098086406433	0.794766474372399	0.00984215540184002	0.9283678957121	0.00896722056362975	0.0993757171104217	0.163272278038567	0.680335780261922	-0.0108064299800929	0.794766474372399	0.00984215540184002
"TNFSF18"	NA	NA	NA	NA	NA	NA	NA	NA	0.774671958870534	0.00750863419003034	NA	NA
"TNFSF4"	0.00587041383886607	0.10395586607467	0.000221225971722237	0.139069710904477	0.711086315549396	-0.0369346545457288	0.893782099931354	0.0133180772226167	0.199946215084699	0.0336091692788039	0.000221225971722237	0.139069710904477
"TNFSF8"	0.00273164971703619	0.113012359293017	0.958386298251621	0.00197428405702338	0.95784322233758	0.00527279419614566	0.175052510816217	0.134659029957002	0.69911881451352	-0.0101377673993217	0.958386298251621	0.00197428405702338
"TNFSF9"	0.82336763106759	-0.00844566278128997	0.405934224325973	-0.0314374169550139	1.12577794760815e-05	0.417839177179745	0.000114581142612198	0.370957631478423	0.646074950686428	-0.0120447874875989	0.405934224325973	-0.0314374169550139
"TPO"	0.58474847157874	-0.0206742710008662	0.947411936765567	0.00249561722834372	NA	NA	NA	NA	NA	NA	0.947411936765567	0.00249561722834372
"TSLP"	NA	NA	NA	NA	NA	NA	NA	NA	0.79301272235413	0.00688259014698565	NA	NA
"TUBGCP2"	0.733023292965657	-0.012905916215253	0.581432656418545	0.0208570162064692	NA	NA	NA	NA	0.239291130354344	0.0308586624406021	0.581432656418545	0.0208570162064692
"VEGFC"	0.35223209354522	0.0351876713310822	0.45934230876086	0.0279912584618848	NA	NA	NA	NA	0.171659385272253	0.0358415583607183	0.45934230876086	0.0279912584618848
"XCL1"	0.420009811021817	-0.0305048188565365	0.884271059740659	-0.00550740166816896	NA	NA	NA	NA	0.402615315731494	0.0219505093227812	0.884271059740659	-0.00550740166816896
"XCL2"	0.143548474535806	0.055301967501489	0.229318438865859	0.0454609646229489	NA	NA	NA	NA	0.548716716558938	-0.0157285329141468	0.229318438865859	0.0454609646229489
"XCR1"	NA	NA	NA	NA	NA	NA	NA	NA	NA	NA	NA	NA
"ZNF382"	0.855577989609053	-0.00688648139662429	0.500734752107429	-0.02547281155225	NA	NA	NA	NA	0.0955955178494606	0.0436932513539467	0.500734752107429	-0.02547281155225
