	NSCLC_EMTAB6149.p.value	NSCLC_EMTAB6149.cor	HNSCC_GSE103322.p.value	HNSCC_GSE103322.cor	SKCM_GSE72056.p.value	SKCM_GSE72056.cor
CCL11	0.655518042	0.011700899	0.491202308	0.026042493	NA	NA
CCL13	0.180005395	0.035156227	0.465127818	-0.027631979	NA	NA
CCL14	NA	NA	0.600825289	-0.019794913	0.00526905	-0.27300642
CCL16	NA	NA	0.522888315	-0.024170511	0.124123973	0.152486747
CCL17	0.326204722	0.025747663	0.483983223	-0.026477872	NA	NA
CCL18	NA	NA	0.42129227	-0.030420769	0.789223477	-0.026660422
CCL19	0.926609925	-0.002416033	0.234814125	0.044929511	0.991426835	-0.001071824
CCL2	0.27227583	0.0287899	0.384787753	-0.032875575	0.010526046	0.251065509
CCL20	0.823429242	0.005852743	0.899394452	0.004783567	0.219878909	-0.121921541
CCL21	0.246850513	0.030367797	0.497883119	0.025642622	0.179398528	-0.13332692
CCL22	0.611919929	-0.013306624	0.600055238	-0.019836787	0.686885142	0.040191673
CCL23	NA	NA	0.75681816	-0.011716272	NA	NA
CCL25	0.657944226	0.01161287	NA	NA	NA	NA
CCL26	0.43898948	0.020297054	0.981913257	0.000857777	NA	NA
CCL28	0.7059815	0.009895116	0.410060198	-0.031162088	0.369005777	-0.08942969
CCL3	NA	NA	0.021930463	0.086543418	0.383229061	-0.086814114
CCL3L1	NA	NA	0.563751411	-0.021839879	NA	NA
CCL3L3	NA	NA	0.497854503	-0.025644329	0.632831692	0.047628151
CCL4	NA	NA	0.356114483	0.034905126	0.848872308	0.01900645
CCL4L2	NA	NA	0.854859221	-0.006921138	0.810017426	-0.02397688
CCL5	NA	NA	0.098350719	0.062479764	0.251579436	0.113992629
CCL7	0.578688931	-0.014564572	NA	NA	NA	NA
CCL8	0.553480098	-0.015541528	0.655247152	-0.016892438	NA	NA
CCR1	0.336919854	0.025183523	0.60880915	-0.019362182	0.00659533	0.266079864
CCR10	0.632593225	-0.012539379	0.070897703	0.068258908	0.511532252	-0.065411275
CCR2	0.310278961	-0.026608856	NA	NA	0.68187961	-0.040870516
CCR3	0.473210222	-0.01881196	NA	NA	0.000202734	0.358250031
CCR4	0.611919929	-0.013306624	NA	NA	0.542642233	-0.060674218
CCR5	0.340793915	-0.024982405	NA	NA	NA	NA
CCR6	0.366850263	-0.023666031	0.880504214	0.005687993	0.415992977	0.081002715
CCR7	0.462550413	-0.01926792	0.235123659	-0.044899841	0.995340334	-0.000582548
CCR8	0.704391236	0.009951269	0.568396303	-0.021580279	0.757591956	0.030780088
CCR9	NA	NA	NA	NA	NA	NA
CCRL1	NA	NA	0.943860241	-0.002664436	0.503072343	0.066724634
CCRL2	0.71707063	0.009504796	0.326537669	-0.037109539	0.66470391	-0.043214361
CCRN4L	NA	NA	0.046226036	0.075314246	0.059901029	-0.186040322
CSF1	0.817122931	0.006065471	0.952108789	0.002272443	0.303538904	-0.102360621
CSF1R	0.317018987	0.026240934	0.941772657	-0.002763687	0.768963842	0.029293418
CSF2	0.393672248	-0.022370478	NA	NA	NA	NA
CSF2RA	0.85336114	0.004848039	0.82650756	-0.008293082	0.670268599	0.042452468
CSF2RB	0.543807688	-0.015922096	0.332827154	-0.036630382	0.0017364	-0.304938339
CSF3	0.975255372	0.000813585	0.437981634	-0.029340291	NA	NA
CSF3R	0.493398898	0.017963575	0.532308672	-0.023625369	NA	NA
CXCL1	0.228319894	-0.031590919	0.795339441	-0.009814054	0.209234016	-0.124763863
CXCL10	0.761344619	-0.007966225	0.560387661	-0.02202852	NA	NA
CXCL11	0.567964164	0.014977662	0.798838902	-0.009642539	0.245705435	-0.115407144
CXCL12	0.611432322	0.013324856	0.000286818	-0.13658827	0.014663217	0.23988391
CXCL13	0.536845647	-0.016198105	0.000125371	0.14435848	0.946728247	-0.006664835
CXCL14	0.561606736	-0.015224291	0.002740617	-0.112974906	0.181241163	0.132769263
CXCL16	0.468157818	0.019027354	0.118189062	-0.059065674	0.640659799	0.046535858
CXCL17	0.285386705	0.028015547	NA	NA	NA	NA
CXCL2	0.852502559	0.004876752	0.621929124	-0.018656488	0.047659491	-0.195631518
CXCL3	0.611156513	-0.013335172	0.86747581	-0.006313631	0.700145899	-0.038402012
CXCL5	0.460100126	-0.01937355	0.021997593	0.08649975	0.607784303	-0.051162175
CXCL6	0.611174729	-0.01333449	0.001958505	0.116759572	NA	NA
CXCL9	0.524931029	-0.016674676	0.661832281	0.016548198	0.52505329	-0.063335129
CXCR1	NA	NA	NA	NA	NA	NA
CXCR2	NA	NA	0.482435947	-0.026571643	0.959384268	0.005079879
CXCR2P1	NA	NA	NA	NA	0.814478526	-0.023403444
CXCR3	0.226679113	-0.031702564	NA	NA	0.405898955	-0.082763325
CXCR4	0.85087127	-0.004931324	0.265447308	-0.0421169	0.860376679	-0.017544199
CXCR5	NA	NA	0.553138357	-0.022436938	0.163448571	0.138339309
CXCR6	0.846332701	0.005083266	0.792996228	-0.009929012	NA	NA
CXCR7	NA	NA	0.000284216	0.136676069	0.754662383	-0.031164158
IFNAR1	0.627124171	0.012741284	0.308098444	0.038549903	0.483305088	-0.069839183
IFNAR2	0.715467845	0.00956108	0.384713235	-0.032880726	0.255050047	-0.113167518
IFNG	0.651297932	0.011854331	0.608378465	-0.01938546	NA	NA
IFNGR1	0.142140604	-0.038487346	0.089100014	-0.064262623	0.547818618	0.059899263
IFNGR2	0.465086374	0.019158924	0.513895965	-0.024695599	0.31462729	-0.100052951
IL10	0.315328055	-0.026332752	0.64267471	-0.017553593	0.009440686	0.254636007
IL10RB	0.500292208	0.01767819	0.311034341	0.038316853	0.963678551	0.004542398
IL11	0.91232808	-0.002887944	0.064868818	0.069768069	0.149682423	0.142966352
IL11RA	0.67263495	-0.01108259	0.010881307	-0.096128246	0.631898142	0.047758789
IL12A	0.915829266	0.002772175	NA	NA	NA	NA
IL12B	NA	NA	NA	NA	0.000216648	0.356736819
IL12RB1	0.689693741	-0.010472443	0.015556643	0.091342133	0.168959822	0.136568098
IL12RB2	0.611919929	-0.013306624	0.504679212	-0.025238765	0.093697619	0.166039425
IL13	0.110425131	0.041851655	NA	NA	NA	NA
IL13RA1	0.900391871	0.00328306	0.73202096	0.012956301	0.75633341	-0.030945029
IL13RA2	0.769780643	0.007676304	NA	NA	NA	NA
IL15	0.643841923	-0.012126409	0.968122698	-0.001512076	0.835471012	-0.02071492
IL15RA	0.02044028	0.060748528	0.016895691	-0.090207113	0.557088671	-0.058520285
IL16	0.066790527	0.048053293	0.001369769	-0.120671388	0.824419709	-0.022128298
IL17A	0.511895001	0.017202487	NA	NA	NA	NA
IL17B	0.122812782	0.040457722	0.967292599	0.001551473	NA	NA
IL17C	NA	NA	NA	NA	NA	NA
IL17D	0.79147892	-0.00693479	NA	NA	NA	NA
IL17RA	0.480480458	0.01850422	0.642156445	0.017580961	7.01E-05	0.381497745
IL17RB	0.297390518	0.027327387	0.620396627	-0.01873858	0.520541344	-0.064024879
IL17RC	0.465507807	0.019140843	0.092477287	-0.063595262	0.12752477	0.151138389
IL17RD	0.370846226	-0.023469401	0.831848733	-0.008033843	0.04608069	0.197012694
IL17RE	0.63934067	0.012291296	0.46134743	-0.027866457	NA	NA
IL18	0.23026728	-0.031459151	0.765073381	0.011306291	0.176954782	0.134073007
IL18BP	0.98840401	0.00038122	0.391950404	-0.03238322	0.371151799	-0.089031162
IL18R1	0.949238293	0.001669866	0.492913447	-0.0259398	0.20200455	-0.126753543
IL18RAP	0.611919929	-0.013306624	0.669240317	0.016162566	NA	NA
IL19	0.611919929	-0.013306624	NA	NA	NA	NA
IL1A	0.465599917	0.019136892	NA	NA	NA	NA
IL1B	0.758943305	-0.008048928	0.469011911	-0.027392167	0.985953322	0.001756184
IL1R1	0.008779957	0.068653823	0.021878116	0.086577552	0.551462721	-0.059355843
IL1R2	0.943622073	-0.001854911	0.584654901	0.020679421	0.839728263	0.020171557
IL1RAP	0.559982944	-0.015287499	0.404930483	0.031504649	0.02897697	0.215273838
IL1RAPL1	0.611919929	-0.013306624	NA	NA	NA	NA
IL1RL1	0.545621088	-0.015850493	0.35124371	-0.035259916	0.474847604	-0.07119244
IL1RL2	0.008285298	0.069169009	0.350726476	0.035297773	NA	NA
IL1RN	0.881666868	0.003904439	0.687656012	-0.015211036	NA	NA
IL2	0.473914045	-0.018782055	NA	NA	0.720175504	-0.035721569
IL20RA	0.063858323	0.048579238	NA	NA	NA	NA
IL20RB	0.962456126	-0.001234672	0.519140911	-0.024388762	0.472573201	-0.071558574
IL21	NA	NA	NA	NA	NA	NA
IL21R	0.214848068	-0.032525188	0.039016619	0.077977074	0.20680753	0.125426113
IL22	NA	NA	NA	NA	NA	NA
IL22RA2	0.681584001	-0.010761781	NA	NA	NA	NA
IL23A	NA	NA	0.605803745	-0.019524777	0.503403542	-0.066673003
IL23R	NA	NA	0.314418476	-0.038050013	0.281234758	0.107175963
IL24	0.30165183	-0.027087569	0.649878414	0.017174126	0.950272971	-0.006220767
IL26	NA	NA	NA	NA	0.525413443	-0.063280201
IL27	0.611919929	-0.013306624	NA	NA	NA	NA
IL27RA	0.177171526	-0.035386225	0.996268276	-0.000176965	0.703463881	-0.037956144
IL2RA	0.360923211	-0.023960159	0.582747508	-0.020784493	0.152572743	0.141969237
IL2RB	0.744095232	0.008562119	0.768588903	-0.011132103	0.920769975	-0.009921308
IL2RG	0.685734148	0.010613552	0.490110043	-0.026108144	0.189889737	-0.130205773
IL31RA	0.611919929	-0.013306624	0.156323237	0.053597153	0.861876646	0.017353828
IL32	0.087950136	-0.044733541	0.005318999	0.105161156	0.084184449	-0.170988425
IL33	0.768540334	0.00771887	0.211089958	-0.047291495	0.025075478	-0.220701274
IL34	0.594869807	-0.013948048	0.538596073	-0.023264239	0.747694176	0.032079543
IL3RA	0.725219965	0.009219291	0.340258956	-0.036071656	0.276028463	-0.108336288
IL4	NA	NA	NA	NA	NA	NA
IL4I1	0.203296209	-0.033360503	0.009862394	0.097410514	0.241738199	-0.116375753
IL4R	0.03819299	0.054328071	0.835365909	-0.007863339	0.907824862	0.011548963
IL5	NA	NA	NA	NA	NA	NA
IL5RA	0.480090461	-0.018520663	0.504743358	0.025234967	0.059202513	0.186542044
IL6	0.554233712	-0.015512014	0.231108424	-0.045286885	0.088773655	-0.168548459
IL6R	0.730828754	-0.009023427	0.426408881	0.030086917	0.092892921	0.166442214
IL6ST	0.042193656	0.053250476	0.062085596	-0.070504028	0.963487375	0.004566323
IL7	0.767284334	0.007761996	0.429259005	-0.029901961	0.749705323	-0.031815076
IL7R	0.254600763	-0.02987534	0.048704453	0.074479549	0.925572472	-0.009318149
IL8	NA	NA	0.043769343	0.076179601	0.752836342	-0.031403784
IL9R	NA	NA	0.845088665	0.007392822	0.596622157	-0.052757479
ILDR1	0.414294706	0.021410361	0.009559492	0.097814428	0.913790913	-0.01079847
ILDR2	0.901893667	0.003233308	0.680399022	-0.015584822	0.010992027	0.249630884
ILF2	0.857197711	0.004719802	2.80E-05	0.157519641	0.495634735	-0.067888809
ILF3	0.87246598	-0.004210547	0.283321606	0.040578127	0.364469751	-0.090276756
ILK	0.494108381	0.017934104	0.099635569	0.06224286	0.683954934	-0.040588839
ILKAP	0.057182672	0.049855457	0.530405322	0.023735115	0.395879566	-0.084536581
ILVBL	0.401856708	0.021985915	0.562314773	0.02192038	0.415755852	0.081043786
TNF	0.141048919	-0.038592936	0.49572414	-0.02577153	0.245592421	0.115434586
TNFAIP1	0.562722982	0.01518089	0.564881351	0.021776633	0.462852712	-0.073134292
TNFAIP2	0.257214461	0.029711618	0.006483707	-0.102729542	0.002756907	0.292074333
TNFAIP3	0.211054136	0.032795865	0.342438812	-0.035909258	0.148570166	-0.143353918
TNFAIP6	0.524838179	0.016678411	0.016902842	0.090201267	0.132236306	0.149315138
TNFAIP8	0.155882942	0.037208428	0.000211018	0.139516786	0.493740895	-0.068186705
TNFAIP8L1	0.624373399	-0.012843121	0.040590241	-0.077362367	0.758558019	0.030653535
TNFAIP8L2	0.264509267	0.029260683	0.443019584	-0.029018811	0.911754458	0.011054574
TNFAIP8L3	0.649340946	0.011925619	0.687304697	-0.015229097	0.992726039	0.000909392
TNFRSF10A	0.373843451	-0.023322776	0.831024887	0.008073804	0.541064086	-0.060911202
TNFRSF10B	0.652038864	-0.011827363	0.857402973	-0.006798514	0.81498943	0.023337821
TNFRSF10C	0.142844151	0.038419627	0.155187055	0.053744394	0.163437741	-0.138342832
TNFRSF10D	0.535995796	-0.01623192	0.283716075	0.040544922	0.575470774	-0.055817858
TNFRSF11A	0.246216976	0.030408527	0.542550945	-0.023038164	0.086317073	-0.169841734
TNFRSF11B	0.987399943	-0.000414231	0.650055457	0.017164822	0.378910613	0.087601923
TNFRSF12A	0.001264937	0.084408674	7.59E-06	0.168162756	0.033709098	0.209467305
TNFRSF13B	0.77936502	-0.007348048	0.01065899	0.096398644	0.34283399	0.09440964
TNFRSF13C	0.223596074	-0.031913912	NA	NA	0.824211635	0.022154951
TNFRSF14	0.985663096	-0.000471337	0.556008268	-0.022274941	0.145857876	-0.144308255
TNFRSF17	0.322271254	-0.025957765	0.516684063	-0.02453229	0.712968617	-0.036682997
TNFRSF18	0.894006325	-0.003494737	0.851612965	-0.007077731	0.495887006	0.067849173
TNFRSF19	0.136219006	0.039067777	0.052455279	0.073281585	0.300207784	0.103064611
TNFRSF1A	0.45859643	0.01943853	0.948654109	-0.002436586	0.753485044	0.031318637
TNFRSF1B	0.113860674	0.041453241	0.585438893	-0.02063628	0.04832954	-0.195056775
TNFRSF21	0.351952707	-0.024411138	0.349868065	-0.03536068	0.602995691	-0.051844962
TNFRSF25	0.305670497	0.026863463	0.543736313	0.022970564	0.942502026	-0.007194449
TNFRSF4	0.809663881	0.006317601	0.337746149	-0.036259686	0.144139774	-0.144919723
TNFRSF6B	NA	NA	0.021554859	0.086789917	0.838491275	0.020329375
TNFRSF8	0.556788793	-0.015412096	0.778739852	-0.010630445	0.882018103	-0.014803272
TNFRSF9	0.622505147	-0.012912397	0.000139327	0.143389308	0.642797156	-0.046238582
TNFSF10	0.149578656	0.037783986	0.521781192	0.024234907	0.355856418	-0.091903295
TNFSF11	0.065894023	-0.048212045	0.124214267	-0.058118517	0.785446538	-0.027149843
TNFSF12	0.682924794	0.010713855	0.227812847	-0.045608135	0.248538249	0.114722101
TNFSF13	0.611919929	-0.013306624	0.046832966	-0.07510643	0.395796742	-0.08455135
TNFSF13B	0.006649244	0.07109505	0.511982601	-0.024807937	0.796595514	0.025706953
TNFSF14	0.141840876	-0.038516274	0.938818436	0.002904174	0.312489088	0.10049378
TNFSF15	0.68033578	-0.01080643	0.578667072	-0.021009809	0.928367896	0.008967221
TNFSF18	0.774671959	0.007508634	NA	NA	NA	NA
TNFSF4	0.199946215	0.033609169	0.005870414	0.103955866	0.711086316	-0.036934655
TNFSF8	0.699118815	-0.010137767	0.00273165	0.113012359	0.957843222	0.005272794
TNFSF9	0.646074951	-0.012044787	0.823367631	-0.008445663	1.13E-05	0.417839177